.Random.seed <-
c(403L, 10L, 1877112695L, 1431111838L, 743561048L, 1148986043L, 
-382849959L, -1988306968L, 1593123350L, -1243060847L, -1202545085L, 
645680466L, 2005397988L, 1050964007L, -790758275L, 1158513012L, 
1251216730L, 940207013L, -753075265L, -1294440378L, 143845072L, 
72544499L, -464984559L, -126721984L, 1740858398L, -1319857431L, 
2027497499L, 1030201386L, -886578356L, 2090430735L, 205079621L, 
-1733130756L, 1394386002L, 1375905229L, -498526329L, -1132674450L, 
-994176440L, 1903313995L, 1023718825L, -2089842440L, 1513745446L, 
1038724417L, 708770515L, -814980478L, 2060306612L, 906250295L, 
-780551379L, -1648299964L, -1553490582L, 583461333L, -1010024593L, 
1102923382L, -922220128L, -972829085L, 792246017L, 1991468656L, 
-1236844018L, -511161735L, 603756043L, 809371450L, 2007080508L, 
360711551L, 1226057429L, 1319626476L, 1667577922L, 1645518749L, 
-1706504681L, 250336126L, 1909285176L, 1953222171L, 412110713L, 
1245673928L, 1403536886L, 1455786033L, 249750115L, -1297605070L, 
-417969276L, 112617927L, 2024620189L, 2140854292L, 322440890L, 
-1813528827L, 1385376991L, -1653334682L, 1335941360L, 591715347L, 
1916375473L, 1419005024L, -1544197634L, 1649339785L, 2026908347L, 
-1665632630L, -1637670548L, 297973487L, -30920411L, -1907650596L, 
-470786638L, 1170353325L, 643124327L, -269397106L, 100283496L, 
122450027L, 47184393L, 1322796184L, -96725050L, -227939551L, 
1863542707L, 573820706L, -751673068L, 1510740375L, 882151821L, 
50141348L, 732721802L, 906569973L, 1184210767L, -215447466L, 
-130043136L, -784357821L, -1409171999L, -1624094384L, 1467334574L, 
743617881L, 2113295211L, -974007590L, -153074788L, 1364213663L, 
-14989835L, -1932138356L, -95950494L, -1494506179L, -536074825L, 
-1157205410L, 1815335832L, 1412987643L, -1444171111L, -1654916312L, 
350218710L, -953117103L, 544969987L, -34666350L, 2043821604L, 
201089255L, -191646403L, 1883853236L, -736563686L, 120786277L, 
1423520767L, 1044288134L, -482979312L, 904407219L, -262216879L, 
-101150976L, -1296065058L, -1550309847L, 201231835L, -1245637910L, 
-1125302132L, -1906249777L, -2029983867L, -1322974148L, -403118830L, 
-1191087603L, -2101753529L, -691954898L, 936638088L, -483508341L, 
1487613801L, -2027364040L, 809032678L, 994757505L, 413197075L, 
-1625191230L, 1416472436L, 1274563447L, -1215902611L, 1997005572L, 
1156708906L, 1480597L, 2026773551L, -457198282L, 1665793376L, 
192691107L, -1194599231L, 552819888L, 538311630L, -1185554631L, 
-1000915125L, 2083867898L, 301782524L, -1159870913L, -17908971L, 
1912936492L, -2121135870L, 1366188509L, 848871639L, 1176669118L, 
-102171144L, 321104347L, -2011322311L, 1000608136L, 1638546742L, 
1151289201L, -794970717L, 871983346L, 2092323908L, -2020208889L, 
982531805L, 1837236180L, -806031622L, -133746107L, 678175391L, 
262688806L, -2070367056L, 196466003L, -650506127L, 1742564768L, 
119759166L, -1989144503L, -583052037L, -1311998774L, 959283756L, 
594638383L, 200718053L, -5506148L, 2003602930L, -1453369235L, 
1599910311L, -1561279538L, 1841490216L, 842759826L, -1166592736L, 
693861836L, -474181920L, -451396414L, 113921064L, 1466794924L, 
1036592828L, -1413695502L, -923622864L, 515062692L, -798493256L, 
-462186662L, -364447600L, 607102844L, -15469292L, -1299140286L, 
1676885248L, 898875836L, -1929163440L, -835487454L, 1245561416L, 
829811724L, 360301148L, 1023260114L, -1351508480L, -2003332780L, 
-1178643224L, 136354042L, 873480912L, 177229612L, -2109608716L, 
-1524152942L, 988002656L, -1996011508L, -381925152L, 1689249378L, 
257511592L, 1289840716L, -1436256388L, 2014866738L, 1075568240L, 
2034583364L, -1130984488L, -1396600966L, 1061753904L, -269574212L, 
-92505516L, -1994612670L, -1193003360L, -1052194116L, 938203088L, 
1658198370L, -622560536L, -203205428L, 1221650940L, 2005467634L, 
-1678909312L, 64699892L, -389612920L, 1391908666L, -1688434352L, 
1113606252L, -752417388L, -1188266926L, -250207776L, 415858892L, 
-684381536L, 1969185154L, -260991768L, 599194348L, -1734319812L, 
655490162L, 635854448L, -558733788L, -203984840L, 805229850L, 
-1533022000L, 2123349308L, 693215124L, 1336878978L, 1165590464L, 
544468540L, -2030349936L, 1477428258L, -386858744L, -279407476L, 
-2115837156L, 1764786322L, 637899136L, -69104620L, -786036952L, 
-1056199110L, 721076688L, -1119547028L, -1002877004L, 379414034L, 
1377768416L, 1914926540L, -592042784L, 1419925538L, -1092419800L, 
-1456781812L, 570202940L, 1825364978L, -910069008L, -2101231036L, 
-1582270888L, 609754938L, -30327824L, 652201660L, -848040684L, 
1548685506L, 66856032L, -1214566020L, 1810882512L, -333502174L, 
2096430760L, 66421644L, -595204932L, 973571890L, 1680994880L, 
-1898656588L, -1260706744L, -1354980934L, 252022288L, -1567659796L, 
928178516L, -727146734L, 1644565920L, 2098309836L, -1087855008L, 
-1363599422L, 2030975784L, 1202836908L, 2062203196L, 1845749618L, 
1112791344L, 1899024164L, -2046612168L, -335762726L, -1715230832L, 
-386796804L, -1540198508L, 1600198722L, -817447680L, -627641284L, 
-1734224560L, -2043836254L, 1110177608L, -377925876L, 321776348L, 
63675218L, 939041408L, -15660972L, 519640040L, -801429766L, 218222928L, 
-1936463060L, 582504308L, -121656430L, 591388256L, 1981775756L, 
652501856L, 1122074594L, 2047139752L, 1794614476L, -1568305668L, 
652846002L, 532206064L, 78885316L, -849354408L, -385776262L, 
-198319696L, 1739730876L, -572620716L, 86950850L, 635984928L, 
1459248316L, -1818738096L, -490010654L, -2130137496L, 389560908L, 
598008060L, -1369354254L, -415804160L, 129568628L, 1598394376L, 
-1136292422L, -526580272L, -1990525972L, -1203220588L, 1667359698L, 
-1318619296L, -1255436980L, -1614447328L, -2026036350L, -1387281688L, 
156050668L, -1968295364L, -1656515726L, -1554027920L, 1860648996L, 
1137217336L, 905000090L, -66544944L, -1302656836L, 467498644L, 
1829539458L, -1243304768L, -984497860L, -865445744L, -2069302750L, 
-123359736L, 373451020L, 1881717404L, -692144622L, 448087424L, 
189842964L, -1266172376L, 758445370L, 205711312L, 241345132L, 
674418484L, 1288981138L, 1868540256L, 120707404L, -2052777383L, 
-237605941L, -1868153796L, -1327660438L, 1123319967L, 2064214313L, 
-851206722L, 376360108L, 350042621L, -1850031801L, -2000668112L, 
-1891714226L, 1325899643L, -1778030371L, -1113825014L, -1361193944L, 
1902422161L, 2047261827L, -1372312188L, -435164238L, 1397150983L, 
94285649L, -671285546L, 1198999476L, -576518203L, -759335153L, 
476333448L, -472280922L, -1313275821L, 802269621L, -1388683502L, 
-922344224L, 1234684233L, 561738619L, 901238348L, -321576998L, 
-1859805745L, 467495833L, -168019026L, -617946948L, -1334535891L, 
160598743L, -794709216L, -839220098L, 707840587L, 1037867085L, 
8844922L, -1244537160L, 340597857L, -1257206253L, 1263240244L, 
1832340034L, -270385577L, -1161595487L, 1623004774L, 750089828L, 
-2137901675L, -1275410753L, -144023976L, -935835018L, -2146384253L, 
-688686395L, -1011783710L, -2121649584L, 1483364217L, -1044058965L, 
-1689844708L, -719400118L, -1635396801L, -287507063L, -232389218L, 
-1257145268L, -858124771L, 1988723623L, 1528121040L, -1060939666L, 
-479146213L, -620932995L, -1336443286L, 1912971016L, -1336934479L, 
455473187L, -1281816284L, -1954038318L, -800195033L, -999700367L, 
1952276150L, -821267884L, -745877787L, 233401071L, 1376896552L, 
-970460538L, 599428275L, 950391317L, 2040886386L, -1741279040L, 
-826268375L, 1896119195L, -2104480660L, -1016934278L, -1893246545L, 
-1876406087L, 1122632398L, 13099036L, -1463397491L, -1719235081L, 
1802035456L, -657592482L, -32606165L, -1517816019L, -1183761510L, 
-2015438504L, -1981735743L, 1443154803L, 85846164L, 1853246754L, 
1853189175L, 376464641L, -1187248122L, -1315914172L, -373340299L, 
296458975L, 994616888L, -1471695338L, 421128739L, 1474217445L, 
1844157442L, 252214896L, 1416260633L, 305696267L, -1884533508L, 
-1279729366L, 499152735L, 1684420329L, -58739202L, 951257580L, 
-678006467L, 2098094343L, -794414864L, -1445507954L, 1162503867L, 
-715278691L, 1132925514L, -1919463320L, -67526575L, -1428991165L, 
670201412L, -1015069454L, 795140295L, 1465741969L, 184536086L, 
